signal
0.01047
0.35307
0.60424
0.80279
0.94352
1.01868
0.90762
0.77467
0.54748
0.28911
0.00152
-0.27765
-0.61636
-0.82095
-0.96925
-1.00311
-0.97275
-0.82971
-0.56988
-0.33716
-0.02968
0.29510
0.59485
0.84527
0.93037
0.97971
0.97631
0.77968
0.62432
0.32869
0.00238
-0.35619
-0.62195
-0.79829
-0.90353
-1.04205
-0.94158
-0.85310
-0.56858
-0.32886
-0.03267
0.31313
0.59220
0.78687
0.94337
1.00306
0.92641
0.78723
0.61665
0.29520
0.03805
-0.32931
-0.54835
-0.84927
-0.90336
-1.04257
-0.97883
-0.79091
-0.61363
-0.32786
0.04328
0.33320
0.61789
0.83204
0.91935
0.99284
0.99076
0.82728
0.63568
0.35124
-0.04092
-0.30970
-0.54509
-0.76352
-0.96626
-0.98092
-0.92997
-0.80264
-0.57284
-0.30384
0.02558
0.29940
0.55085
0.85761
0.99069
0.98221
0.97317
0.82347
0.54634
0.32597
0.01227
-0.32205
-0.61410
-0.80549
-0.98233
-1.02612
-0.93825
-0.84634
-0.60965
-0.31798
-0.00651
0.32153
0.59280
0.82138
0.97397
1.03305
0.90111
0.83262
0.57778
0.30880
0.01040
-0.31806
-0.63482
-0.85883
-1.00077
-0.95842
-0.94207
-0.80308
-0.55624
-0.27122
-0.00416
0.31903
0.54041
0.84360
0.92603
1.01418
0.92580
0.77638
0.59705
0.34046
0.01938
-0.35598
-0.58386
-0.76145
-0.92598
-1.02060
-0.92574
-0.84392
-0.60221
-0.27582
-0.02682
0.32180
0.58762
0.76800
0.90358
0.98922
0.95999
0.85198
0.59499
0.31787
-0.00882
-0.30376
-0.58862
-0.76322
-0.92134
-1.03926
-0.92275
-0.81969
-0.62474
-0.34001
0.02398
0.32442
0.54762
0.81106
0.91103
0.96518
0.90868
0.79054
0.55375
0.27280
-0.01774
-0.30511
-0.58070
-0.80774
-0.93264
-0.98470
-0.94861
-0.79359
-0.56615
-0.29535
-0.04872
0.26209
0.54759
0.79593
0.98370
0.98477
0.93549
0.78432
0.55943
0.31452
-0.00979
-0.30837
-0.62092
-0.82588
-0.91826
-0.97997
-0.99526
-0.75910
-0.59663
-0.34785
0.77808
0.85616
0.94311
1.00923
0.87202
0.78486
0.65044
0.48349
0.46439
0.64757
0.70930
0.91153
0.96895
0.98261
0.89567
0.70825
0.62024
0.50225
0.55226
0.64804
0.73193
0.89688
0.97781
0.93974
0.91145
-0.00713
0.29298
0.62653
0.78265
0.97756
0.95358
0.97381
0.82160
0.58909
0.26626
0.02242
-0.27103
-0.54001
-0.77427
-0.91784
-1.02522
-0.90972
-0.85151
-0.55427
-0.29608
0.02517
0.32222
0.54748
0.76050
0.95944
0.95688
1.00088
0.82394
0.63633
0.34250
-0.01679
-0.29288
-0.54218
-0.82797
-0.98262
-0.95329
-0.91773
-0.82806
-0.55720
-0.31728
0.02185
0.29969
0.62737
0.85483
0.90293
1.02917
0.94341
0.76054
0.58106
0.34949
0.03557
-0.35472
-0.57188
-0.82423
-0.95071
-0.96601
-0.99875
-0.84658
-0.61167
-0.27552
-0.01852
0.25979
0.62776
0.79604
0.91108
1.01432
0.97805
0.83813
0.56402
0.29370
-0.02853
-0.27681
-0.60267
-0.79910
-0.94322
-1.00864
-0.98907
-0.76786
-0.63241
-0.33613
-0.01758
0.29409
0.57271
0.78940
0.99793
1.01715
0.92185
0.85533
0.56801
0.33981
-0.03659
-0.26424
-0.57370
-0.76369
-0.92007
-1.03184
-0.90678
-0.77589
-0.58832
-0.27349
0.02107
0.28637
0.57855
0.84999
0.99550
0.99986
0.92992
0.85661
0.58304
0.26352
-0.01846
-0.26383
-0.56263
-0.80544
-0.93409
-0.96348
-0.95517
-0.80116
-0.58963
-0.30396
0.04506
0.31000
0.61204
0.80810
0.90767
0.97625
0.99360
0.79617
0.57873
0.30059
-0.04027
-0.26885
-0.63734
-0.83162
-0.99013
-0.96446
-0.97535
-0.76010
-0.54514
-0.34192
-0.01961
0.31236
0.55543
0.84038
0.97157
0.97572
0.92609
0.79253
0.61291
0.25950
0.03410
-0.33606
-0.63646
-0.76402
-0.91112
-0.95374
-0.99676
-0.78775
-0.63268
-0.31826
-0.00243
0.29376
0.54186
0.81877
0.92707
1.03329
0.99711
0.85269
0.56072
0.33105
0.02565
-0.31400
-0.60389
-0.81177
-0.90246
-1.01377
-0.97609
-0.85423
-0.55881
-0.28340
0.01575
0.28112
0.60354
0.79810
0.99298
0.96497
0.95310
0.83558
0.56260
0.30456
0.01998
-0.35082
-0.58656
-0.83238
-0.93886
-1.04009
-0.98700
-0.84310
-0.54338
-0.29587
-0.02542
0.04675
0.00370
-0.01618
0.01717
0.03375
0.02339
0.00022
-0.00765
-0.00370
0.04530
0.02441
-0.00448
-0.02516
0.02199
-0.00763
0.02426
0.01568
0.01825
0.01368
-0.02514
-0.01131
0.02700
-0.03736
-0.02134
0.00113
-0.03014
0.04946
0.01360
0.02273
-0.00877
0.00140
-0.03688
0.00456
0.03450
-0.02067
0.02783
-0.03582
0.01544
0.01313
-0.01060
-0.04986
0.00659
0.03878
-0.00475
0.00962
0.01428
0.03298
0.03104
-0.04341
-0.04185
-0.01645
-0.00094
0.01190
0.01277
-0.01754
0.02932
-0.04158
-0.02457
0.01876
-0.00798
-0.04779
-0.02830
-0.04218
0.00638
-0.02714
-0.01324
-0.02280
0.04003
0.01618
-0.00549
0.04687
0.01676
-0.01356
-0.04934
-0.02938
0.02825
0.02664
0.03082
-0.02121
0.01099
-0.00478
-0.02735
-0.01109
-0.02531
-0.04925
-0.03465
-0.04955
0.04092
-0.02622
-0.01727
0.02932
-0.00697
-0.00599
-0.04004
0.02840
0.00221
-0.03978
0.03483
-0.03361
0.75654
0.85907
0.96530
1.03760
0.93988
0.71033
0.57414
0.49369
0.50948
0.56738
0.73755
0.91573
1.01655
0.94105
0.85659
0.73348
0.60536
0.49709
0.48026
0.64452
0.73681
0.86279
0.94687
0.96408
0.88639
-0.03110
0.02559
0.01414
-0.01813
0.01284
-0.02216
-0.01630
0.00775
-0.00717
-0.03895
-0.01532
-0.01190
0.03050
0.03830
-0.01227
-0.03202
-0.00527
-0.03106
-0.04011
-0.03354
-0.04735
0.01512
0.02835
-0.03162
0.04751
0.02312
-0.00574
-0.02487
0.01124
-0.04775
-0.04035
0.00001
-0.02618
-0.02190
-0.00620
0.04155
-0.02945
0.02029
-0.00298
0.04417
-0.04104
0.02693
-0.04816
-0.04061
0.04508
-0.04368
0.00033
0.02977
0.00454
-0.00953
-0.02977
-0.01818
0.04512
0.02912
0.04647
-0.03340
-0.02284
0.01497
-0.02441
0.01165
-0.03107
0.04604
-0.01435
0.04308
0.01154
0.01755
0.02824
-0.04342
0.02643
0.02241
-0.03768
0.03089
0.00350
0.00455
-0.02814
-0.04494
0.01280
0.01189
-0.00419
-0.00277
0.03669
0.00670
-0.00936
0.01080
-0.00364
0.03545
0.01231
0.01948
-0.01678
0.01918
0.02837
0.02888
0.02846
0.03520
-0.01905
-0.04729
-0.04472
-0.03219
-0.01179
0.02737
0.72918
0.88426
0.98076
0.95938
0.87945
0.75013
0.59434
0.49104
0.53952
0.57724
0.71382
0.90439
0.97121
0.94328
0.91110
0.71782
0.60714
0.52755
0.51207
0.57817
0.70692
0.91249
0.97920
0.96370
0.94018
-0.04732
0.02119
0.03470
-0.03494
-0.03520
0.01125
0.02388
0.01101
0.03606
-0.04158
-0.00849
0.02999
-0.02887
-0.03964
-0.02874
-0.00018
-0.03373
0.04441
0.03202
0.02851
-0.02553
0.01136
-0.02458
0.01155
-0.02957
-0.04277
0.00254
0.04105
-0.00344
0.03606
0.02836
0.03338
0.03980
0.00781
-0.02058
-0.04212
0.04776
0.00504
-0.00758
-0.00213
-0.04432
-0.03196
-0.02592
0.01582
-0.00835
0.02719
-0.03708
-0.02975
-0.03988
0.02580
0.03100
0.00140
-0.03142
-0.04875
0.00403
0.04770
0.02953
-0.00132
0.00408
0.04520
0.02344
-0.00312
-0.01748
-0.00757
0.00406
0.00415
0.01386
0.02465
-0.01507
0.02938
-0.03144
0.01423
-0.02022
0.02093
0.03339
0.00805
0.01442
-0.04801
0.04140
0.02228
0.01563
0.03429
-0.04007
0.04728
0.00137
-0.03250
0.03755
0.01712
-0.04884
0.02608
-0.00975
-0.04097
-0.00983
-0.04008
-0.04329
-0.03120
-0.00359
-0.03415
-0.02176
-0.04023
-0.45739
-0.38540
-0.34895
-0.32510
-0.26769
-0.12607
-0.12268
0.02999
0.06320
0.16077
0.22209
0.27458
0.31507
0.39579
0.51912
-0.42006
-0.40335
-0.31527
-0.27717
-0.14249
-0.11813
-0.03967
0.04659
0.06719
0.15899
0.26067
0.35263
0.40296
0.42612
-0.49900
-0.37739
-0.32159
-0.21760
-0.19324
-0.09587
-0.04974
-0.00164
0.13450
0.14087
0.25357
0.28701
0.33255
0.39077
-0.53861
-0.42297
-0.34605
-0.25496
-0.21230
-0.10392
-0.10440
0.00416
0.04686
0.18477
0.23778
0.30374
0.35973
0.37733
0.49392
-0.42136
-0.39316
-0.34587
-0.21520
-0.16870
-0.04926
-0.06269
0.07025
0.08713
0.22889
0.30064
0.34289
0.41310
0.42160
-0.48770
-0.37554
-0.31823
-0.29136
-0.20582
-0.08258
-0.01715
0.03970
0.07530
0.20648
0.24068
0.35138
0.41547
0.46884
-0.49950
-0.43263
-0.31490
-0.24747
-0.21711
-0.15217
-0.01821
0.04965
0.11128
0.16036
0.26627
0.25233
0.37090
0.40140
